#	A	C	D	E	F	G	H	I	K	L	M	N	P	Q	R	S	T	V	W	Y
1A8F:A|PDBID|CHAIN|SEQUENCE	0.09422492401215805	0.0486322188449848	0.0729483282674772	0.0486322188449848	0.0486322188449848	0.0729483282674772	0.02735562310030395	0.0243161094224924	0.08206686930091185	0.08814589665653495	0.015197568389057751	0.0364741641337386	0.05167173252279635	0.0364741641337386	0.0364741641337386	0.06382978723404255	0.0364741641337386	0.06382978723404255	0.00911854103343465	0.0425531914893617
1ALU:A|PDBID|CHAIN|SEQUENCE	0.07526881720430108	0.021505376344086023	0.043010752688172046	0.08602150537634409	0.03763440860215054	0.026881720430107527	0.010752688172043012	0.04838709677419355	0.07526881720430108	0.12365591397849462	0.03225806451612903	0.053763440860215055	0.043010752688172046	0.07526881720430108	0.04838709677419355	0.08064516129032258	0.06451612903225806	0.03225806451612903	0.005376344086021506	0.016129032258064516
1BD8:A|PDBID|CHAIN|SEQUENCE	0.1282051282051282	0.0	0.07692307692307693	0.04487179487179487	0.02564102564102564	0.09615384615384616	0.05128205128205128	0.019230769230769232	0.019230769230769232	0.14102564102564102	0.019230769230769232	0.019230769230769232	0.038461538461538464	0.05128205128205128	0.07692307692307693	0.04487179487179487	0.057692307692307696	0.08974358974358974	0.0	0.0
1BTK:A|PDBID|CHAIN|SEQUENCE	0.023668639053254437	0.03550295857988166	0.029585798816568046	0.09467455621301775	0.047337278106508875	0.04142011834319527	0.01775147928994083	0.07100591715976332	0.08875739644970414	0.07692307692307693	0.011834319526627219	0.03550295857988166	0.0650887573964497	0.05917159763313609	0.0650887573964497	0.07100591715976332	0.03550295857988166	0.0650887573964497	0.011834319526627219	0.05325443786982249
1D2S:A|PDBID|CHAIN|SEQUENCE	0.058823529411764705	0.011764705882352941	0.07647058823529412	0.058823529411764705	0.029411764705882353	0.08823529411764706	0.029411764705882353	0.041176470588235294	0.029411764705882353	0.12352941176470589	0.023529411764705882	0.023529411764705882	0.07647058823529412	0.03529411764705882	0.07058823529411765	0.07058823529411765	0.047058823529411764	0.07058823529411765	0.029411764705882353	0.0058823529411764705
1D4A:A|PDBID|CHAIN|SEQUENCE	0.09157509157509157	0.003663003663003663	0.04395604395604396	0.06227106227106227	0.06227106227106227	0.07692307692307693	0.02564102564102564	0.0695970695970696	0.08791208791208792	0.09157509157509157	0.02197802197802198	0.03296703296703297	0.047619047619047616	0.04395604395604396	0.03296703296703297	0.06227106227106227	0.03296703296703297	0.05128205128205128	0.02197802197802198	0.03663003663003663
1E6F:A|PDBID|CHAIN|SEQUENCE	0.055944055944055944	0.055944055944055944	0.04195804195804196	0.04195804195804196	0.04195804195804196	0.08391608391608392	0.02097902097902098	0.027972027972027972	0.055944055944055944	0.08391608391608392	0.02097902097902098	0.04195804195804196	0.06293706293706294	0.04195804195804196	0.04195804195804196	0.11188811188811189	0.06293706293706294	0.06293706293706294	0.006993006993006993	0.03496503496503497
1E9C:A|PDBID|CHAIN|SEQUENCE	0.10697674418604651	0.013953488372093023	0.05581395348837209	0.07906976744186046	0.037209302325581395	0.06046511627906977	0.03255813953488372	0.027906976744186046	0.07906976744186046	0.12558139534883722	0.013953488372093023	0.018604651162790697	0.027906976744186046	0.04186046511627907	0.06511627906976744	0.06976744186046512	0.037209302325581395	0.06976744186046512	0.018604651162790697	0.018604651162790697
1EWF:A|PDBID|CHAIN|SEQUENCE	0.05701754385964912	0.006578947368421052	0.03508771929824561	0.041666666666666664	0.05482456140350877	0.05701754385964912	0.03070175438596491	0.05701754385964912	0.07675438596491228	0.10307017543859649	0.03289473684210526	0.04824561403508772	0.07017543859649122	0.046052631578947366	0.02631578947368421	0.09429824561403509	0.046052631578947366	0.08114035087719298	0.0043859649122807015	0.03070175438596491
1FMI:A|PDBID|CHAIN|SEQUENCE	0.048034934497816595	0.004366812227074236	0.05240174672489083	0.07205240174672489	0.05895196506550218	0.07641921397379912	0.04148471615720524	0.034934497816593885	0.05458515283842795	0.12445414847161572	0.019650655021834062	0.026200873362445413	0.05021834061135371	0.03711790393013101	0.056768558951965066	0.06768558951965066	0.05458515283842795	0.0611353711790393	0.021834061135371178	0.03711790393013101
1FMK:A|PDBID|CHAIN|SEQUENCE	0.06415929203539823	0.01991150442477876	0.03982300884955752	0.08628318584070796	0.03761061946902655	0.06858407079646017	0.015486725663716814	0.035398230088495575	0.05752212389380531	0.10176991150442478	0.024336283185840708	0.033185840707964605	0.048672566371681415	0.04424778761061947	0.059734513274336286	0.05752212389380531	0.07300884955752213	0.061946902654867256	0.01991150442477876	0.05088495575221239
1FR7:A|PDBID|CHAIN|SEQUENCE	0.05	0.0038461538461538464	0.07307692307692308	0.05	0.038461538461538464	0.08461538461538462	0.046153846153846156	0.03461538461538462	0.09230769230769231	0.10384615384615385	0.011538461538461539	0.038461538461538464	0.06538461538461539	0.04230769230769231	0.026923076923076925	0.07307692307692308	0.046153846153846156	0.06538461538461539	0.023076923076923078	0.03076923076923077
1GSM:A|PDBID|CHAIN|SEQUENCE	0.1	0.02857142857142857	0.03333333333333333	0.07142857142857142	0.01904761904761905	0.08571428571428572	0.014285714285714285	0.009523809523809525	0.009523809523809525	0.12380952380952381	0.004761904761904762	0.014285714285714285	0.09047619047619047	0.07142857142857142	0.06666666666666667	0.06190476190476191	0.06190476190476191	0.11428571428571428	0.009523809523809525	0.009523809523809525
1GUX:A|PDBID|CHAIN|SEQUENCE	0.045871559633027525	0.01834862385321101	0.045871559633027525	0.0779816513761468	0.045871559633027525	0.03669724770642202	0.022935779816513763	0.06880733944954129	0.06880733944954129	0.11467889908256881	0.04128440366972477	0.05963302752293578	0.027522935779816515	0.03669724770642202	0.05045871559633028	0.10091743119266056	0.04128440366972477	0.05504587155963303	0.009174311926605505	0.03211009174311927
1GXR:A|PDBID|CHAIN|SEQUENCE	0.06231454005934718	0.04154302670623145	0.06824925816023739	0.02967359050445104	0.02967359050445104	0.0830860534124629	0.032640949554896145	0.05341246290801187	0.050445103857566766	0.08011869436201781	0.008902077151335312	0.04154302670623145	0.05341246290801187	0.04154302670623145	0.032640949554896145	0.09792284866468842	0.05934718100890208	0.07418397626112759	0.02373887240356083	0.03560830860534125
1HA1:A|PDBID|CHAIN|SEQUENCE	0.043478260869565216	0.010869565217391304	0.07065217391304347	0.09239130434782608	0.05434782608695652	0.07608695652173914	0.043478260869565216	0.043478260869565216	0.08695652173913043	0.043478260869565216	0.021739130434782608	0.021739130434782608	0.03260869565217391	0.03260869565217391	0.07608695652173914	0.06521739130434782	0.06521739130434782	0.09239130434782608	0.005434782608695652	0.021739130434782608
1IAP:A|PDBID|CHAIN|SEQUENCE	0.08530805687203792	0.009478672985781991	0.04265402843601896	0.08530805687203792	0.04739336492890995	0.052132701421800945	0.037914691943127965	0.014218009478672985	0.05687203791469194	0.11374407582938388	0.037914691943127965	0.023696682464454975	0.037914691943127965	0.07109004739336493	0.09004739336492891	0.05687203791469194	0.02843601895734597	0.08530805687203792	0.009478672985781991	0.014218009478672985
1IJQ:A|PDBID|CHAIN|SEQUENCE	0.05379746835443038	0.022151898734177215	0.07278481012658228	0.0379746835443038	0.03164556962025317	0.060126582278481014	0.02531645569620253	0.06329113924050633	0.04113924050632911	0.10443037974683544	0.0189873417721519	0.060126582278481014	0.04430379746835443	0.022151898734177215	0.060126582278481014	0.08227848101265822	0.06962025316455696	0.07278481012658228	0.028481012658227847	0.028481012658227847
1ITV:A|PDBID|CHAIN|SEQUENCE	0.06153846153846154	0.015384615384615385	0.08717948717948718	0.041025641025641026	0.07692307692307693	0.08205128205128205	0.005128205128205128	0.02564102564102564	0.05128205128205128	0.09230769230769231	0.015384615384615385	0.020512820512820513	0.05128205128205128	0.05128205128205128	0.09230769230769231	0.06666666666666667	0.020512820512820513	0.08205128205128205	0.02564102564102564	0.035897435897435895
1IW2:A|PDBID|CHAIN|SEQUENCE	0.11538461538461539	0.01098901098901099	0.04395604395604396	0.04945054945054945	0.06043956043956044	0.07692307692307693	0.027472527472527472	0.02197802197802198	0.027472527472527472	0.09340659340659341	0.005494505494505495	0.005494505494505495	0.04395604395604396	0.09340659340659341	0.08241758241758242	0.054945054945054944	0.04945054945054945	0.09340659340659341	0.01098901098901099	0.03296703296703297
1J8F:A|PDBID|CHAIN|SEQUENCE	0.06191950464396285	0.034055727554179564	0.058823529411764705	0.07739938080495357	0.058823529411764705	0.06811145510835913	0.021671826625386997	0.043343653250773995	0.06191950464396285	0.13312693498452013	0.02786377708978328	0.01238390092879257	0.04953560371517028	0.04024767801857585	0.04953560371517028	0.0804953560371517	0.03715170278637771	0.04024767801857585	0.009287925696594427	0.034055727554179564
1JYD:A|PDBID|CHAIN|SEQUENCE	0.07103825136612021	0.03278688524590164	0.09836065573770492	0.0546448087431694	0.0546448087431694	0.060109289617486336	0.01092896174863388	0.02185792349726776	0.0546448087431694	0.07103825136612021	0.0273224043715847	0.04918032786885246	0.0273224043715847	0.04371584699453552	0.07650273224043716	0.060109289617486336	0.04918032786885246	0.07103825136612021	0.02185792349726776	0.04371584699453552
1K95:A|PDBID|CHAIN|SEQUENCE	0.07878787878787878	0.024242424242424242	0.07272727272727272	0.048484848484848485	0.06666666666666667	0.07878787878787878	0.024242424242424242	0.048484848484848485	0.04242424242424243	0.08484848484848485	0.03636363636363636	0.03636363636363636	0.012121212121212121	0.05454545454545454	0.06060606060606061	0.05454545454545454	0.07272727272727272	0.048484848484848485	0.012121212121212121	0.04242424242424243
1KEX:A|PDBID|CHAIN|SEQUENCE	0.04516129032258064	0.012903225806451613	0.03870967741935484	0.07741935483870968	0.03870967741935484	0.07741935483870968	0.0064516129032258064	0.07096774193548387	0.07741935483870968	0.04516129032258064	0.01935483870967742	0.04516129032258064	0.04516129032258064	0.03225806451612903	0.04516129032258064	0.07741935483870968	0.09032258064516129	0.07741935483870968	0.03225806451612903	0.04516129032258064
1KSH:A|PDBID|CHAIN|SEQUENCE	0.053763440860215055	0.016129032258064516	0.08064516129032258	0.05913978494623656	0.03225806451612903	0.08064516129032258	0.016129032258064516	0.06451612903225806	0.05913978494623656	0.15053763440860216	0.021505376344086023	0.03763440860215054	0.016129032258064516	0.04838709677419355	0.06451612903225806	0.06989247311827956	0.053763440860215055	0.03763440860215054	0.026881720430107527	0.010752688172043012
1L8R:A|PDBID|CHAIN|SEQUENCE	0.04950495049504951	0.0594059405940594	0.039603960396039604	0.0594059405940594	0.039603960396039604	0.07920792079207921	0.019801980198019802	0.04950495049504951	0.06930693069306931	0.12871287128712872	0.009900990099009901	0.0594059405940594	0.0297029702970297	0.039603960396039604	0.0594059405940594	0.0297029702970297	0.0594059405940594	0.09900990099009901	0.0	0.019801980198019802
1LB6:A|PDBID|CHAIN|SEQUENCE	0.0375	0.03125	0.0375	0.06875	0.05625	0.0625	0.04375	0.0625	0.05	0.1	0.03125	0.03125	0.06875	0.06875	0.0625	0.03125	0.0625	0.04375	0.0125	0.0375
1NKR:A|PDBID|CHAIN|SEQUENCE	0.04975124378109453	0.01990049751243781	0.04975124378109453	0.05970149253731343	0.03980099502487562	0.0845771144278607	0.05970149253731343	0.029850746268656716	0.029850746268656716	0.0945273631840796	0.024875621890547265	0.01990049751243781	0.07462686567164178	0.024875621890547265	0.04975124378109453	0.11940298507462686	0.05472636815920398	0.06467661691542288	0.009950248756218905	0.03980099502487562
1NLV:A|PDBID|CHAIN|SEQUENCE	0.08	0.010666666666666666	0.058666666666666666	0.07466666666666667	0.034666666666666665	0.08	0.024	0.072	0.050666666666666665	0.072	0.04533333333333334	0.02666666666666667	0.050666666666666665	0.02666666666666667	0.048	0.06666666666666667	0.06666666666666667	0.06133333333333333	0.010666666666666666	0.04
1O1L:A|PDBID|CHAIN|SEQUENCE	0.14840989399293286	0.007067137809187279	0.05653710247349823	0.028268551236749116	0.04946996466431095	0.053003533568904596	0.0636042402826855	0.0	0.07773851590106007	0.12014134275618374	0.0176678445229682	0.028268551236749116	0.04946996466431095	0.014134275618374558	0.02120141342756184	0.07773851590106007	0.0636042402826855	0.08833922261484099	0.014134275618374558	0.02120141342756184
1O7V:A|PDBID|CHAIN|SEQUENCE	0.05511811023622047	0.023622047244094488	0.07874015748031496	0.031496062992125984	0.03937007874015748	0.05511811023622047	0.023622047244094488	0.023622047244094488	0.05511811023622047	0.03937007874015748	0.031496062992125984	0.06299212598425197	0.03937007874015748	0.05511811023622047	0.07086614173228346	0.09448818897637795	0.06299212598425197	0.07874015748031496	0.031496062992125984	0.047244094488188976
1OV3:A|PDBID|CHAIN|SEQUENCE	0.07246376811594203	0.007246376811594203	0.06521739130434782	0.11594202898550725	0.028985507246376812	0.08695652173913043	0.007246376811594203	0.050724637681159424	0.057971014492753624	0.07246376811594203	0.021739130434782608	0.007246376811594203	0.06521739130434782	0.028985507246376812	0.021739130434782608	0.07971014492753623	0.043478260869565216	0.07971014492753623	0.036231884057971016	0.050724637681159424
1P63:A|PDBID|CHAIN|SEQUENCE	0.027777777777777776	0.020833333333333332	0.04861111111111111	0.0625	0.034722222222222224	0.09027777777777778	0.0625	0.041666666666666664	0.0763888888888889	0.1111111111111111	0.006944444444444444	0.05555555555555555	0.05555555555555555	0.041666666666666664	0.041666666666666664	0.06944444444444445	0.05555555555555555	0.034722222222222224	0.006944444444444444	0.05555555555555555
2A7L:A|PDBID|CHAIN|SEQUENCE	0.029411764705882353	0.014705882352941176	0.029411764705882353	0.051470588235294115	0.03676470588235294	0.0661764705882353	0.0661764705882353	0.051470588235294115	0.03676470588235294	0.10294117647058823	0.051470588235294115	0.03676470588235294	0.07352941176470588	0.058823529411764705	0.022058823529411766	0.13970588235294118	0.03676470588235294	0.058823529411764705	0.014705882352941176	0.022058823529411766
2A8J:A|PDBID|CHAIN|SEQUENCE	0.10952380952380952	0.03333333333333333	0.03333333333333333	0.07142857142857142	0.023809523809523808	0.10238095238095238	0.02857142857142857	0.030952380952380953	0.06428571428571428	0.0880952380952381	0.023809523809523808	0.03571428571428571	0.03571428571428571	0.03571428571428571	0.04523809523809524	0.09523809523809523	0.047619047619047616	0.07142857142857142	0.007142857142857143	0.016666666666666666
2ASK:A|PDBID|CHAIN|SEQUENCE	0.11504424778761062	0.061946902654867256	0.035398230088495575	0.017699115044247787	0.02654867256637168	0.11504424778761062	0.017699115044247787	0.0	0.0	0.10619469026548672	0.008849557522123894	0.008849557522123894	0.07964601769911504	0.017699115044247787	0.1592920353982301	0.11504424778761062	0.035398230088495575	0.061946902654867256	0.008849557522123894	0.008849557522123894
2BOU:A|PDBID|CHAIN|SEQUENCE	0.03496503496503497	0.1258741258741259	0.06993006993006994	0.06293706293706294	0.03496503496503497	0.06993006993006994	0.013986013986013986	0.027972027972027972	0.04195804195804196	0.006993006993006993	0.006993006993006993	0.06293706293706294	0.055944055944055944	0.03496503496503497	0.04195804195804196	0.13286713286713286	0.07692307692307693	0.055944055944055944	0.02097902097902098	0.02097902097902098
2BT2:A|PDBID|CHAIN|SEQUENCE	0.11801242236024845	0.018633540372670808	0.043478260869565216	0.09937888198757763	0.07453416149068323	0.031055900621118012	0.055900621118012424	0.024844720496894408	0.055900621118012424	0.09316770186335403	0.024844720496894408	0.037267080745341616	0.018633540372670808	0.031055900621118012	0.055900621118012424	0.09316770186335403	0.06832298136645963	0.024844720496894408	0.012422360248447204	0.018633540372670808
2FCB:A|PDBID|CHAIN|SEQUENCE	0.03468208092485549	0.023121387283236993	0.04046242774566474	0.046242774566473986	0.04046242774566474	0.05202312138728324	0.05202312138728324	0.04046242774566474	0.057803468208092484	0.08092485549132948	0.0	0.057803468208092484	0.07514450867052024	0.06358381502890173	0.023121387283236993	0.10404624277456648	0.09248554913294797	0.06358381502890173	0.023121387283236993	0.028901734104046242
2FCB:A|PDBID|CHAIN|SEQUENCE	0.03468208092485549	0.023121387283236993	0.04046242774566474	0.046242774566473986	0.04046242774566474	0.05202312138728324	0.05202312138728324	0.04046242774566474	0.057803468208092484	0.08092485549132948	0.0	0.057803468208092484	0.07514450867052024	0.06358381502890173	0.023121387283236993	0.10404624277456648	0.09248554913294797	0.06358381502890173	0.023121387283236993	0.028901734104046242
2FIC:A|PDBID|CHAIN|SEQUENCE	0.07569721115537849	0.00796812749003984	0.05976095617529881	0.099601593625498	0.027888446215139442	0.05179282868525897	0.02390438247011952	0.027888446215139442	0.11155378486055777	0.10756972111553785	0.027888446215139442	0.055776892430278883	0.0199203187250996	0.06772908366533864	0.0398406374501992	0.055776892430278883	0.0398406374501992	0.05976095617529881	0.01195219123505976	0.027888446215139442
2G19:A|PDBID|CHAIN|SEQUENCE	0.05737704918032787	0.028688524590163935	0.0778688524590164	0.04918032786885246	0.03278688524590164	0.09836065573770492	0.045081967213114756	0.05737704918032787	0.08196721311475409	0.06967213114754098	0.020491803278688523	0.040983606557377046	0.04918032786885246	0.028688524590163935	0.05737704918032787	0.036885245901639344	0.04918032786885246	0.06147540983606557	0.01639344262295082	0.040983606557377046
2GRC:A|PDBID|CHAIN|SEQUENCE	0.023255813953488372	0.007751937984496124	0.06201550387596899	0.10852713178294573	0.031007751937984496	0.023255813953488372	0.007751937984496124	0.06976744186046512	0.12403100775193798	0.10077519379844961	0.023255813953488372	0.046511627906976744	0.046511627906976744	0.046511627906976744	0.05426356589147287	0.10077519379844961	0.023255813953488372	0.06201550387596899	0.0	0.03875968992248062
2H9M:A|PDBID|CHAIN|SEQUENCE	0.05750798722044728	0.03194888178913738	0.07028753993610223	0.025559105431309903	0.03514376996805112	0.0670926517571885	0.025559105431309903	0.06070287539936102	0.10543130990415335	0.08626198083067092	0.0	0.054313099041533544	0.03514376996805112	0.019169329073482427	0.009584664536741214	0.12140575079872204	0.0670926517571885	0.0670926517571885	0.03194888178913738	0.02875399361022364
2H64:A|PDBID|CHAIN|SEQUENCE	0.06140350877192982	0.06140350877192982	0.06140350877192982	0.043859649122807015	0.02631578947368421	0.043859649122807015	0.05263157894736842	0.03508771929824561	0.08771929824561403	0.07017543859649122	0.017543859649122806	0.05263157894736842	0.06140350877192982	0.03508771929824561	0.03508771929824561	0.07017543859649122	0.02631578947368421	0.09649122807017543	0.017543859649122806	0.043859649122807015
2HAZ:A|PDBID|CHAIN|SEQUENCE	0.10476190476190476	0.0	0.0380952380952381	0.10476190476190476	0.01904761904761905	0.08571428571428572	0.01904761904761905	0.047619047619047616	0.06666666666666667	0.047619047619047616	0.01904761904761905	0.009523809523809525	0.06666666666666667	0.0380952380952381	0.01904761904761905	0.09523809523809523	0.06666666666666667	0.08571428571428572	0.02857142857142857	0.0380952380952381
2HFT:A|PDBID|CHAIN|SEQUENCE	0.03211009174311927	0.01834862385321101	0.05045871559633028	0.0779816513761468	0.045871559633027525	0.05504587155963303	0.0	0.03211009174311927	0.0779816513761468	0.05963302752293578	0.0045871559633027525	0.06422018348623854	0.04128440366972477	0.03669724770642202	0.03669724770642202	0.0871559633027523	0.12385321100917432	0.0871559633027523	0.01834862385321101	0.05045871559633028
2HRB:A|PDBID|CHAIN|SEQUENCE	0.08029197080291971	0.021897810218978103	0.072992700729927	0.06934306569343066	0.0364963503649635	0.06569343065693431	0.01824817518248175	0.0364963503649635	0.051094890510948905	0.10948905109489052	0.021897810218978103	0.04744525547445255	0.04744525547445255	0.043795620437956206	0.07664233576642336	0.04744525547445255	0.04744525547445255	0.08759124087591241	0.0072992700729927005	0.010948905109489052
2HZR:A|PDBID|CHAIN|SEQUENCE	0.06321839080459771	0.022988505747126436	0.040229885057471264	0.06896551724137931	0.040229885057471264	0.034482758620689655	0.05172413793103448	0.05747126436781609	0.06321839080459771	0.07471264367816093	0.017241379310344827	0.08620689655172414	0.06896551724137931	0.034482758620689655	0.022988505747126436	0.05747126436781609	0.06321839080459771	0.07471264367816093	0.017241379310344827	0.040229885057471264
2JGN:A|PDBID|CHAIN|SEQUENCE	0.05945945945945946	0.005405405405405406	0.06486486486486487	0.08648648648648649	0.043243243243243246	0.05945945945945946	0.07027027027027027	0.04864864864864865	0.04864864864864865	0.10810810810810811	0.010810810810810811	0.05405405405405406	0.016216216216216217	0.02702702702702703	0.05405405405405406	0.07567567567567568	0.05405405405405406	0.07027027027027027	0.010810810810810811	0.032432432432432434
2JHH:C|PDBID|CHAIN|SEQUENCE	0.08256880733944955	0.027522935779816515	0.0779816513761468	0.03669724770642202	0.05504587155963303	0.10550458715596331	0.027522935779816515	0.013761467889908258	0.05963302752293578	0.0779816513761468	0.01834862385321101	0.06422018348623854	0.022935779816513763	0.03669724770642202	0.03669724770642202	0.08256880733944955	0.04128440366972477	0.045871559633027525	0.03211009174311927	0.05504587155963303
2OQ1:A|PDBID|CHAIN|SEQUENCE	0.08661417322834646	0.03543307086614173	0.047244094488188976	0.07480314960629922	0.03543307086614173	0.07874015748031496	0.03543307086614173	0.03937007874015748	0.05905511811023622	0.12598425196850394	0.011811023622047244	0.015748031496062992	0.05905511811023622	0.04330708661417323	0.06299212598425197	0.047244094488188976	0.03937007874015748	0.03543307086614173	0.011811023622047244	0.05511811023622047
2OSA:A|PDBID|CHAIN|SEQUENCE	0.06435643564356436	0.01485148514851485	0.07425742574257425	0.08415841584158416	0.0297029702970297	0.039603960396039604	0.0297029702970297	0.07425742574257425	0.06930693069306931	0.13366336633663367	0.04455445544554455	0.039603960396039604	0.04455445544554455	0.009900990099009901	0.054455445544554455	0.04455445544554455	0.04950495049504951	0.0594059405940594	0.0	0.039603960396039604
2P23:A|PDBID|CHAIN|SEQUENCE	0.061855670103092786	0.020618556701030927	0.05670103092783505	0.07216494845360824	0.041237113402061855	0.08247422680412371	0.04639175257731959	0.02577319587628866	0.03608247422680412	0.11855670103092783	0.030927835051546393	0.010309278350515464	0.07216494845360824	0.02577319587628866	0.07731958762886598	0.0979381443298969	0.020618556701030927	0.061855670103092786	0.005154639175257732	0.03608247422680412
2P26:A|PDBID|CHAIN|SEQUENCE	0.03571428571428571	0.09285714285714286	0.06785714285714285	0.04642857142857143	0.03571428571428571	0.08571428571428572	0.039285714285714285	0.04642857142857143	0.04285714285714286	0.06785714285714285	0.007142857142857143	0.03571428571428571	0.04285714285714286	0.075	0.06428571428571428	0.06785714285714285	0.06785714285714285	0.05714285714285714	0.0035714285714285713	0.017857142857142856
2P27:A|PDBID|CHAIN|SEQUENCE	0.13725490196078433	0.02287581699346405	0.05555555555555555	0.06862745098039216	0.03594771241830065	0.10457516339869281	0.0392156862745098	0.013071895424836602	0.00980392156862745	0.13725490196078433	0.013071895424836602	0.013071895424836602	0.05555555555555555	0.0196078431372549	0.10130718954248366	0.049019607843137254	0.0392156862745098	0.06209150326797386	0.006535947712418301	0.016339869281045753
2PBC:A|PDBID|CHAIN|SEQUENCE	0.0196078431372549	0.00980392156862745	0.0392156862745098	0.09803921568627451	0.0392156862745098	0.14705882352941177	0.0196078431372549	0.049019607843137254	0.0784313725490196	0.11764705882352941	0.0196078431372549	0.00980392156862745	0.06862745098039216	0.0392156862745098	0.049019607843137254	0.058823529411764705	0.049019607843137254	0.058823529411764705	0.00980392156862745	0.0196078431372549
2Q12:A|PDBID|CHAIN|SEQUENCE	0.06415094339622641	0.007547169811320755	0.06792452830188679	0.09433962264150944	0.03773584905660377	0.026415094339622643	0.026415094339622643	0.04905660377358491	0.06792452830188679	0.10943396226415095	0.045283018867924525	0.04150943396226415	0.026415094339622643	0.07169811320754717	0.03773584905660377	0.07924528301886792	0.06037735849056604	0.045283018867924525	0.0	0.04150943396226415
2Q87:A|PDBID|CHAIN|SEQUENCE	0.05454545454545454	0.03636363636363636	0.05454545454545454	0.07272727272727272	0.03636363636363636	0.07272727272727272	0.01818181818181818	0.02727272727272727	0.05454545454545454	0.06363636363636363	0.0	0.03636363636363636	0.07272727272727272	0.02727272727272727	0.05454545454545454	0.08181818181818182	0.07272727272727272	0.10909090909090909	0.02727272727272727	0.02727272727272727
2QND:A|PDBID|CHAIN|SEQUENCE	0.0763888888888889	0.006944444444444444	0.06944444444444445	0.08333333333333333	0.04861111111111111	0.0763888888888889	0.027777777777777776	0.0763888888888889	0.06944444444444445	0.06944444444444445	0.013888888888888888	0.04861111111111111	0.027777777777777776	0.04861111111111111	0.04861111111111111	0.027777777777777776	0.041666666666666664	0.11805555555555555	0.0	0.020833333333333332
2UWO:A|PDBID|CHAIN|SEQUENCE	0.05905511811023622	0.03543307086614173	0.04330708661417323	0.07874015748031496	0.047244094488188976	0.09055118110236221	0.023622047244094488	0.05511811023622047	0.07874015748031496	0.05905511811023622	0.01968503937007874	0.027559055118110236	0.03543307086614173	0.03543307086614173	0.05905511811023622	0.05511811023622047	0.08267716535433071	0.06692913385826772	0.015748031496062992	0.031496062992125984
2VQM:A|PDBID|CHAIN|SEQUENCE	0.08716707021791767	0.029055690072639227	0.04116222760290557	0.06295399515738499	0.03631961259079903	0.1016949152542373	0.03389830508474576	0.026634382566585957	0.03631961259079903	0.1016949152542373	0.024213075060532687	0.03389830508474576	0.048426150121065374	0.03389830508474576	0.048426150121065374	0.07263922518159806	0.06295399515738499	0.0847457627118644	0.009685230024213076	0.024213075060532687
2X6U:A|PDBID|CHAIN|SEQUENCE	0.06403940886699508	0.0049261083743842365	0.04433497536945813	0.04926108374384237	0.059113300492610835	0.06403940886699508	0.059113300492610835	0.054187192118226604	0.08866995073891626	0.07389162561576355	0.04926108374384237	0.054187192118226604	0.054187192118226604	0.029556650246305417	0.04926108374384237	0.04433497536945813	0.059113300492610835	0.054187192118226604	0.014778325123152709	0.029556650246305417
2XU5:A|PDBID|CHAIN|SEQUENCE	0.07272727272727272	0.031818181818181815	0.05909090909090909	0.08181818181818182	0.03636363636363636	0.11363636363636363	0.013636363636363636	0.02727272727272727	0.05909090909090909	0.045454545454545456	0.02727272727272727	0.05	0.04090909090909091	0.03636363636363636	0.02727272727272727	0.08636363636363636	0.03636363636363636	0.07272727272727272	0.022727272727272728	0.05909090909090909
1ABW:A|PDBID|CHAIN|SEQUENCE	0.14840989399293286	0.007067137809187279	0.05653710247349823	0.028268551236749116	0.04946996466431095	0.053003533568904596	0.0706713780918728	0.0	0.07773851590106007	0.127208480565371	0.0176678445229682	0.028268551236749116	0.04946996466431095	0.007067137809187279	0.02120141342756184	0.07773851590106007	0.0636042402826855	0.08833922261484099	0.007067137809187279	0.02120141342756184
1AKE:A|PDBID|CHAIN|SEQUENCE	0.08878504672897196	0.004672897196261682	0.0794392523364486	0.08411214953271028	0.02336448598130841	0.09345794392523364	0.014018691588785047	0.06542056074766354	0.08411214953271028	0.07476635514018691	0.028037383177570093	0.018691588785046728	0.04672897196261682	0.037383177570093455	0.06074766355140187	0.02336448598130841	0.0514018691588785	0.08878504672897196	0.0	0.03271028037383177
1B57:A|PDBID|CHAIN|SEQUENCE	0.08659217877094973	0.0111731843575419	0.05865921787709497	0.061452513966480445	0.036312849162011177	0.08659217877094973	0.036312849162011177	0.05865921787709497	0.06983240223463687	0.07541899441340782	0.019553072625698324	0.05027932960893855	0.04189944134078212	0.04189944134078212	0.01675977653631285	0.06983240223463687	0.04748603351955307	0.08379888268156424	0.0111731843575419	0.036312849162011177
1C14:A|PDBID|CHAIN|SEQUENCE	0.13740458015267176	0.015267175572519083	0.05343511450381679	0.05725190839694656	0.04580152671755725	0.09541984732824428	0.019083969465648856	0.061068702290076333	0.04580152671755725	0.08396946564885496	0.03816793893129771	0.03816793893129771	0.026717557251908396	0.019083969465648856	0.04580152671755725	0.07633587786259542	0.03435114503816794	0.07633587786259542	0.003816793893129771	0.026717557251908396
1C3Q:A|PDBID|CHAIN|SEQUENCE	0.1519434628975265	0.01060070671378092	0.038869257950530034	0.05653710247349823	0.0176678445229682	0.08833922261484099	0.045936395759717315	0.0706713780918728	0.038869257950530034	0.0812720848056537	0.0176678445229682	0.038869257950530034	0.024734982332155476	0.0353356890459364	0.0353356890459364	0.05653710247349823	0.07420494699646643	0.0989399293286219	0.007067137809187279	0.01060070671378092
1CW2:A|PDBID|CHAIN|SEQUENCE	0.14925373134328357	0.011194029850746268	0.048507462686567165	0.05970149253731343	0.04477611940298507	0.07462686567164178	0.018656716417910446	0.06716417910447761	0.029850746268656716	0.1044776119402985	0.018656716417910446	0.041044776119402986	0.06343283582089553	0.03731343283582089	0.055970149253731345	0.05970149253731343	0.026119402985074626	0.06343283582089553	0.0	0.026119402985074626
1CWY:A|PDBID|CHAIN|SEQUENCE	0.108	0.002	0.04	0.1	0.062	0.09	0.026	0.022	0.034	0.108	0.02	0.016	0.076	0.02	0.082	0.028	0.03	0.058	0.042	0.036
1DCE:A|PDBID|CHAIN|SEQUENCE	0.07760141093474426	0.03880070546737213	0.04585537918871252	0.09347442680776014	0.02821869488536155	0.026455026455026454	0.029982363315696647	0.014109347442680775	0.03527336860670194	0.1728395061728395	0.012345679012345678	0.03880070546737213	0.05114638447971781	0.05291005291005291	0.07054673721340388	0.07231040564373897	0.03880070546737213	0.059964726631393295	0.02292768959435626	0.01763668430335097
1DCE:B|PDBID|CHAIN|SEQUENCE	0.054380664652567974	0.03625377643504532	0.06646525679758308	0.0634441087613293	0.03927492447129909	0.08761329305135952	0.030211480362537766	0.06042296072507553	0.045317220543806644	0.1148036253776435	0.027190332326283987	0.021148036253776436	0.03625377643504532	0.045317220543806644	0.03323262839879154	0.0755287009063444	0.03625377643504532	0.07250755287009064	0.021148036253776436	0.03323262839879154
1DJ9:A|PDBID|CHAIN|SEQUENCE	0.13541666666666666	0.013020833333333334	0.052083333333333336	0.044270833333333336	0.028645833333333332	0.08854166666666667	0.03125	0.044270833333333336	0.018229166666666668	0.11458333333333333	0.020833333333333332	0.020833333333333332	0.036458333333333336	0.0703125	0.0703125	0.07552083333333333	0.033854166666666664	0.06510416666666667	0.018229166666666668	0.018229166666666668
1DWA:M|PDBID|CHAIN|SEQUENCE	0.04408817635270541	0.01603206412825651	0.07615230460921844	0.04008016032064128	0.05410821643286573	0.0841683366733467	0.02404809619238477	0.06412825651302605	0.052104208416833664	0.07214428857715431	0.01603206412825651	0.06212424849699399	0.052104208416833664	0.03006012024048096	0.036072144288577156	0.07414829659318638	0.06813627254509018	0.04008016032064128	0.02004008016032064	0.07414829659318638
1DXR:C|PDBID|CHAIN|SEQUENCE	0.10416666666666667	0.026785714285714284	0.026785714285714284	0.05654761904761905	0.026785714285714284	0.05654761904761905	0.020833333333333332	0.017857142857142856	0.047619047619047616	0.08333333333333333	0.026785714285714284	0.044642857142857144	0.08035714285714286	0.03869047619047619	0.07142857142857142	0.047619047619047616	0.09226190476190477	0.07142857142857142	0.01488095238095238	0.044642857142857144
1DXR:H|PDBID|CHAIN|SEQUENCE	0.10077519379844961	0.003875968992248062	0.06589147286821706	0.07364341085271318	0.023255813953488372	0.07364341085271318	0.015503875968992248	0.031007751937984496	0.03488372093023256	0.12015503875968993	0.003875968992248062	0.007751937984496124	0.06976744186046512	0.03488372093023256	0.06976744186046512	0.03875968992248062	0.05813953488372093	0.1124031007751938	0.015503875968992248	0.046511627906976744
1DXR:L|PDBID|CHAIN|SEQUENCE	0.07326007326007326	0.01098901098901099	0.03296703296703297	0.02564102564102564	0.0989010989010989	0.1282051282051282	0.02564102564102564	0.06593406593406594	0.018315018315018316	0.11721611721611722	0.014652014652014652	0.03296703296703297	0.054945054945054944	0.018315018315018316	0.03296703296703297	0.06593406593406594	0.02564102564102564	0.06593406593406594	0.054945054945054944	0.03663003663003663
1DXR:M|PDBID|CHAIN|SEQUENCE	0.11145510835913312	0.015479876160990712	0.03715170278637771	0.021671826625386997	0.07739938080495357	0.11764705882352941	0.030959752321981424	0.0804953560371517	0.015479876160990712	0.08359133126934984	0.018575851393188854	0.018575851393188854	0.058823529411764705	0.02476780185758514	0.04024767801857585	0.04953560371517028	0.04953560371517028	0.04643962848297214	0.05572755417956656	0.04643962848297214
1EEM:A|PDBID|CHAIN|SEQUENCE	0.05394190871369295	0.02074688796680498	0.03734439834024896	0.0995850622406639	0.05394190871369295	0.06224066390041494	0.008298755186721992	0.04979253112033195	0.0954356846473029	0.11203319502074689	0.029045643153526972	0.04149377593360996	0.06639004149377593	0.024896265560165973	0.03734439834024896	0.07053941908713693	0.03734439834024896	0.04149377593360996	0.02074688796680498	0.03734439834024896
1EKE:A|PDBID|CHAIN|SEQUENCE	0.06956521739130435	0.013043478260869565	0.07391304347826087	0.10434782608695652	0.02608695652173913	0.0391304347826087	0.013043478260869565	0.1391304347826087	0.15217391304347827	0.0782608695652174	0.013043478260869565	0.05217391304347826	0.02608695652173913	0.008695652173913044	0.0391304347826087	0.043478260869565216	0.030434782608695653	0.034782608695652174	0.004347826086956522	0.0391304347826087
1EKK:A|PDBID|CHAIN|SEQUENCE	0.15808823529411764	0.011029411764705883	0.04044117647058824	0.058823529411764705	0.01838235294117647	0.08455882352941177	0.025735294117647058	0.07352941176470588	0.04044117647058824	0.08455882352941177	0.014705882352941176	0.04044117647058824	0.025735294117647058	0.03676470588235294	0.03308823529411765	0.05514705882352941	0.07720588235294118	0.10294117647058823	0.007352941176470588	0.011029411764705883
1EUN:A|PDBID|CHAIN|SEQUENCE	0.14084507042253522	0.014084507042253521	0.028169014084507043	0.07511737089201878	0.028169014084507043	0.09389671361502347	0.004694835680751174	0.06103286384976526	0.06103286384976526	0.10328638497652583	0.018779342723004695	0.018779342723004695	0.06572769953051644	0.023474178403755867	0.03286384976525822	0.04225352112676056	0.06103286384976526	0.09859154929577464	0.009389671361502348	0.018779342723004695
1F07:A|PDBID|CHAIN|SEQUENCE	0.14330218068535824	0.006230529595015576	0.056074766355140186	0.08099688473520249	0.037383177570093455	0.1059190031152648	0.006230529595015576	0.08722741433021806	0.07165109034267912	0.06853582554517133	0.028037383177570093	0.028037383177570093	0.059190031152647975	0.012461059190031152	0.01557632398753894	0.04361370716510903	0.0529595015576324	0.06853582554517133	0.006230529595015576	0.021806853582554516
1F2D:A|PDBID|CHAIN|SEQUENCE	0.093841642228739	0.020527859237536656	0.05278592375366569	0.07038123167155426	0.04398826979472141	0.09970674486803519	0.017595307917888565	0.06744868035190615	0.06744868035190615	0.07624633431085044	0.01466275659824047	0.04105571847507331	0.04398826979472141	0.03225806451612903	0.03812316715542522	0.04985337243401759	0.04985337243401759	0.07624633431085044	0.002932551319648094	0.04105571847507331
1F3B:A|PDBID|CHAIN|SEQUENCE	0.08108108108108109	0.009009009009009009	0.06306306306306306	0.07207207207207207	0.04504504504504504	0.04954954954954955	0.013513513513513514	0.05405405405405406	0.0990990990990991	0.13063063063063063	0.036036036036036036	0.02702702702702703	0.05405405405405406	0.04954954954954955	0.05855855855855856	0.036036036036036036	0.03153153153153153	0.04954954954954955	0.0045045045045045045	0.036036036036036036
1F61:A|PDBID|CHAIN|SEQUENCE	0.13752913752913754	0.006993006993006993	0.055944055944055944	0.07459207459207459	0.03496503496503497	0.07226107226107226	0.023310023310023312	0.04195804195804196	0.039627039627039624	0.07459207459207459	0.016317016317016316	0.03496503496503497	0.03496503496503497	0.06060606060606061	0.04895104895104895	0.04895104895104895	0.06993006993006994	0.0675990675990676	0.02097902097902098	0.03496503496503497
1FMJ:A|PDBID|CHAIN|SEQUENCE	0.05698005698005698	0.008547008547008548	0.06837606837606838	0.08547008547008547	0.05413105413105413	0.042735042735042736	0.022792022792022793	0.03418803418803419	0.07407407407407407	0.11965811965811966	0.042735042735042736	0.05413105413105413	0.06267806267806268	0.02564102564102564	0.05413105413105413	0.03418803418803419	0.039886039886039885	0.039886039886039885	0.014245014245014245	0.06552706552706553
1FNN:A|PDBID|CHAIN|SEQUENCE	0.06683804627249357	0.002570694087403599	0.061696658097686374	0.06683804627249357	0.038560411311053984	0.06940874035989718	0.02313624678663239	0.08483290488431877	0.04884318766066838	0.12853470437017994	0.010282776349614395	0.033419023136246784	0.043701799485861184	0.030848329048843187	0.08483290488431877	0.05141388174807198	0.05398457583547558	0.05398457583547558	0.007712082262210797	0.038560411311053984
1FP3:A|PDBID|CHAIN|SEQUENCE	0.0845771144278607	0.02736318407960199	0.05223880597014925	0.08955223880597014	0.04975124378109453	0.0845771144278607	0.03731343283582089	0.014925373134328358	0.03233830845771144	0.11940298507462686	0.03731343283582089	0.009950248756218905	0.03980099502487562	0.04477611940298507	0.08706467661691543	0.04477611940298507	0.022388059701492536	0.05721393034825871	0.03233830845771144	0.03233830845771144
1FUQ:A|PDBID|CHAIN|SEQUENCE	0.12076271186440678	0.014830508474576272	0.04025423728813559	0.06991525423728813	0.023305084745762712	0.07203389830508475	0.0423728813559322	0.046610169491525424	0.05084745762711865	0.11016949152542373	0.038135593220338986	0.05508474576271186	0.04025423728813559	0.038135593220338986	0.04449152542372881	0.059322033898305086	0.05296610169491525	0.0614406779661017	0.01059322033898305	0.00847457627118644
1FX7:A|PDBID|CHAIN|SEQUENCE	0.07391304347826087	0.004347826086956522	0.05652173913043478	0.10434782608695652	0.004347826086956522	0.0782608695652174	0.034782608695652174	0.0391304347826087	0.02608695652173913	0.10869565217391304	0.02608695652173913	0.030434782608695653	0.06521739130434782	0.017391304347826087	0.08260869565217391	0.02608695652173913	0.07391304347826087	0.13043478260869565	0.008695652173913044	0.008695652173913044
1G3Q:A|PDBID|CHAIN|SEQUENCE	0.10126582278481013	0.008438818565400843	0.08438818565400844	0.07172995780590717	0.02109704641350211	0.08438818565400844	0.008438818565400843	0.06329113924050633	0.07172995780590717	0.12236286919831224	0.029535864978902954	0.02531645569620253	0.05485232067510549	0.008438818565400843	0.03375527426160337	0.04219409282700422	0.046413502109704644	0.10126582278481013	0.004219409282700422	0.016877637130801686
1GED:A|PDBID|CHAIN|SEQUENCE	0.10421836228287841	0.01240694789081886	0.05707196029776675	0.062034739454094295	0.04714640198511166	0.04714640198511166	0.017369727047146403	0.04466501240694789	0.06451612903225806	0.09925558312655088	0.022332506203473945	0.04714640198511166	0.07444168734491315	0.052109181141439205	0.03970223325062035	0.05459057071960298	0.052109181141439205	0.07692307692307693	0.004962779156327543	0.019851116625310174
